2.544199276183460938e+02
2.338895725737916962e+02
2.374329956101420009e+02
2.344845163663154040e+02
2.330766796103712863e+02
2.391561791335984708e+02
2.307752581346607315e+02
2.338924212584096836e+02
2.374855951258008417e+02
2.355365003081573150e+02
2.331770212551581949e+02
2.340457685992645622e+02
2.265978840678927213e+02
2.287546862638940013e+02
2.256317136179485203e+02
2.204249883632607805e+02
2.219677491316073201e+02
2.152419342985537014e+02
2.116922318110449623e+02
2.122731172963555366e+02
2.102318094684929690e+02
2.311547377035577995e+02
2.301225132529068844e+02
2.427849886843818865e+02
2.476507226238416877e+02
2.326832700328875774e+02
2.220639046498681353e+02
2.238929295646525190e+02
2.255348059463265145e+02
2.125685413396045931e+02
2.184877381700037233e+02
2.177038629295699934e+02
2.142687610627696131e+02
2.175901782077553150e+02
2.170157987207313681e+02
2.215913372072486709e+02
2.235263247604815717e+02
2.418611451542549560e+02
2.160615826338373040e+02
2.099316564793064970e+02
2.110023055493966240e+02
2.089086444707598389e+02
2.101141771125907951e+02
2.222556402202257004e+02
2.114546667719952779e+02
2.169866811075537498e+02
2.207680928716384585e+02
2.161343987640504736e+02
2.237634064744565023e+02
2.155136990962303400e+02
2.204777577078022830e+02
2.110257210790054216e+02
1.923669721735076052e+02
2.135016828870827794e+02
2.148613307253172025e+02
2.145662047852363514e+02
2.114079445397939310e+02
2.141137839307000661e+02
2.054154025551306404e+02
2.079306598488100235e+02
2.302958257236530528e+02
2.097310197777838709e+02
2.097071214631861551e+02
2.095742625685324185e+02
2.004107569661620118e+02
2.046358592239725169e+02
2.148773154502189868e+02
2.212645317658453621e+02
2.267401656990284948e+02
2.284269145258343485e+02
2.183430449657398924e+02
2.214257553894033776e+02
2.161047941966567407e+02
2.173845076189753058e+02
2.193479290906222445e+02
1.991501454574966203e+02
2.094328252071109659e+02
2.022053346942624614e+02
2.056762249957200765e+02
2.043274751252946544e+02
2.049962184771192142e+02
1.994042911084032141e+02
2.260108849235864739e+02
2.044482616587849577e+02
2.041422612487935453e+02
1.955521693119440556e+02
1.979544240038141538e+02
2.034111631724109941e+02
2.040036098127021660e+02
1.982705195122234727e+02
2.134833692031346857e+02
1.656550821693344346e+02
1.941157721786761954e+02
1.964654385553016880e+02
2.042782901232870927e+02
1.935323211369188812e+02
1.791119084965210675e+02
1.884332667644234220e+02
1.683394667198662944e+02
1.780574400089298877e+02
1.960446873803097390e+02
2.028199788614611236e+02
1.998283661460118878e+02
2.029018075985714233e+02
1.982188209349211263e+02
2.014462224059415973e+02
2.004539112932293108e+02
2.011289469608584284e+02
1.983658200136605387e+02
2.060415888331725398e+02
1.987522152729458185e+02
2.123642576293311777e+02
2.069434463878645829e+02
2.085687539569379965e+02
1.736884091185047794e+02
1.923758901286963692e+02
1.897701421605868859e+02
1.999089512147805294e+02
2.021905493891283641e+02
1.943597356134111465e+02
2.188998509960843535e+02
1.965412933587440989e+02
2.064546093752848321e+02
1.772039748228213796e+02
2.029849630038316377e+02
1.953462188050985162e+02
2.020239230375976263e+02
1.985012194956970575e+02
2.023682331663521268e+02
2.048243452262680080e+02
2.027360431675252244e+02
2.030483586874482285e+02
2.055906005128834408e+02
2.099114009959829446e+02
