8.612891749315018330e+01
7.575549928719807724e+01
8.212616858435170286e+01
8.037208004617285440e+01
8.006032126414356753e+01
8.280836529268867707e+01
7.681687932229498017e+01
8.111695749999999805e+01
8.336419497878077323e+01
8.013579251564253525e+01
7.993689004651878349e+01
7.895001999686937211e+01
7.397280398902404386e+01
7.695922545753811050e+01
7.643717382696493701e+01
7.675132120210598430e+01
7.375390126300739269e+01
7.220373962429009396e+01
7.132239316939892149e+01
6.671594322664604704e+01
7.104198228030787732e+01
7.741284806618406833e+01
8.041023675705501716e+01
1.132189295382669059e+02
1.136531316569801788e+02
7.791385875189048704e+01
7.804261814470224579e+01
7.687292854007900189e+01
7.801121013095526280e+01
7.244620977846933840e+01
7.624964863686795979e+01
7.461744354199684892e+01
6.703863352104910689e+01
7.502801005189392924e+01
7.316351472905806475e+01
7.585727401200603026e+01
7.660686569938972923e+01
1.117451196652387750e+02
7.265797008530661572e+01
8.022848516834885402e+01
7.395922259400893495e+01
7.141091876996806320e+01
7.311323413368963031e+01
7.528618633722146569e+01
7.644472195238472523e+01
7.508857544788273231e+01
7.908781170999282040e+01
7.346466482791701935e+01
7.689871347308962868e+01
7.159871654511186989e+01
7.813470547702483771e+01
7.699571526061887994e+01
6.750279312594282999e+01
7.606525741802160212e+01
7.524893200756811495e+01
7.503953802367009018e+01
7.233254663782933847e+01
7.448108287764200952e+01
7.302405444390872447e+01
7.568711222554681228e+01
1.087626758726815837e+02
7.218627441426077951e+01
7.566868545262416035e+01
7.366910071706615781e+01
6.721830913610939717e+01
6.875382802148261874e+01
9.944607642418264959e+01
1.029437040566294570e+02
7.695092357241651371e+01
7.444762695024451205e+01
7.631557482660140579e+01
7.357589104964367266e+01
7.495814361810272430e+01
7.588631350217907823e+01
7.436533209015078683e+01
6.810246354785084577e+01
6.905458768514431256e+01
7.099017350806451532e+01
6.921596456489821492e+01
7.013220429590094795e+01
7.214823170335472469e+01
6.958254845943025657e+01
7.445879899141452540e+01
7.115192510413018567e+01
7.047108965087281263e+01
6.690740123925645833e+01
6.683371157209681712e+01
7.299695380358504337e+01
7.078591125267074347e+01
6.734271171662122413e+01
7.309199080694587281e+01
5.709495335007270000e+01
6.801512878918362048e+01
6.963742502017758795e+01
7.234470635653707404e+01
7.105141178549341419e+01
6.353650842976639268e+01
6.824689846697167184e+01
5.890251472599983629e+01
6.582239084822380448e+01
7.108699249092654782e+01
6.967942222943635500e+01
7.119580056610448082e+01
7.386103352638879471e+01
6.937693320196252955e+01
7.132875438306319893e+01
6.946215528710770570e+01
6.707325963355516762e+01
6.687441773818744650e+01
7.473404977893572720e+01
7.018596735022116206e+01
7.245644793761543667e+01
7.346089467406950746e+01
7.317905813214738941e+01
6.326995767521668768e+01
6.937940046758767210e+01
6.765853050667797675e+01
7.226493194147624877e+01
7.174749399173137476e+01
6.892199121185987565e+01
1.052090163510503089e+02
7.731290015773544155e+01
7.241699226142912948e+01
6.051350961248979132e+01
7.242411979720336035e+01
6.886193091802272193e+01
6.828086121472591685e+01
7.066893844492443577e+01
6.831355924603174401e+01
7.420247424155697047e+01
7.235823904382469607e+01
7.009124434782606272e+01
7.006167192493649054e+01
7.339788669541481170e+01
